150
772 365 485
607 1089 849
554 536 4
240 692 1
137 117 414
857 300 498
725 554 163
980 199 992
499 192 861
453 118 16
752 862 232
1062 780 174
117 851 977
589 453 328
725 548 613
499 752 455
1055 692 656
818 258 21
114 193 101
206 966 673
585 725 989
818 496 966
980 637 760
679 1025 532
365 374 594
679 548 784
1098 319 386
692 927 910
457 499 609
365 604 127
206 105 200
493 133 619
585 618 800
105 193 229
192 869 554
365 453 816
197 684 74
571 172 729
1050 172 146
966 589 123
604 651 558
930 224 820
130 949 418
1046 130 59
745 603 756
493 941 848
548 240 892
1089 851 480
197 118 129
278 717 880
745 589 950
772 725 680
982 692 860
304 1056 323
1025 627 218
725 609 638
530 637 393
869 651 488
300 278 421
365 632 834
725 117 70
632 637 736
193 172 460
299 304 856
224 980 873
628 604 794
775 114 723
927 548 786
356 1062 607
206 1043 347
451 627 314
133 780 407
589 496 217
618 679 48
496 628 868
499 851 973
626 453 600
964 403 457
851 197 838
356 772 557
752 839 761
716 192 624
863 453 705
117 982 47
193 717 703
780 637 602
1049 1089 134
319 692 681
927 319 56
240 867 50
745 1043 443
193 499 894
604 403 247
863 319 402
780 451 866
558 625 525
607 114 919
745 632 187
626 862 256
114 558 122
818 493 130
300 725 585
980 949 111
716 745 164
927 632 288
1056 216 233
356 862 424
713 536 500
118 192 69
632 589 976
628 240 502
930 319 140
851 536 88
857 1098 273
628 627 507
278 457 767
1062 651 758
684 199 222
299 585 483
356 192 798
603 1025 192
278 772 514
300 627 590
829 651 682
862 199 858
558 980 648
1056 626 19
692 637 931
499 829 477
603 862 10
818 216 667
197 272 390
725 713 885
839 319 589
240 199 949
117 453 893
118 752 781
199 775 442
651 365 771
192 272 899
118 949 728
117 299 32
863 713 640
637 258 211
839 980 189
172 941 459
457 133 302
607 628 58
869 133 77
349 1049 835
30
818 964 86
679 867 5
224 349 14
349 818 41
548 609 25
679 224 19
609 867 60
1089 1062 36
349 966 61
374 349 8
1062 374 82
717 609 80
609 571 93
966 1046 33
374 867 47
571 224 54
679 1055 53
1089 964 2
1046 867 68
966 1055 37
1089 349 70
1046 1098 3
679 818 39
964 349 71
625 1055 42
1089 609 43
628 717 89
966 1089 64
349 625 62
717 1056 50
7
964.604 548.548
867.240 1089.982
349.349 1098.1050
966.118 224.224
1062.133 1046.980
1056.829 609.609
717.717 1055.1055

Cluster
964: 964 772 604 403 365
628: 628 607
1089: 1089 1049 982 851 725 713 585 554 536 299 137 117
867: 867 692 240
1098: 1098 1050 1043 941 930 927 863 857 745 716 632 558 319 300 278 206 193 172 114 105
1046: 1046 980 949 839 130
966: 966 775 684 589 496 453 272 199 197 192 118
1056: 1056 1025 862 829 752 627 626 603 499 451 356 304 216
1062: 1062 869 780 651 457 133
548: 548
1055: 1055
818: 818 637 530 493 258
679: 679 618
374: 374
571: 571
224: 224
717: 717
609: 609
625: 625
349: 349