250
245 348 612
148 518 167
351 291 665
873 152 605
674 349 456
1001 873 86
148 394 417
596 431 985
307 404 656
742 394 784
1050 247 481
354 161 693
404 555 835
307 470 978
211 1060 877
896 864 999
833 945 742
1001 562 696
374 137 939
1036 827 326
509 191 221
827 963 208
497 954 320
578 428 109
913 443 281
110 1050 452
241 789 507
733 394 915
509 470 666
472 148 692
191 570 681
348 578 919
603 775 447
152 555 787
1038 596 717
854 788 501
661 788 495
743 939 7
906 148 726
203 197 524
883 578 343
982 864 418
401 866 95
954 742 322
886 661 359
913 1066 754
1050 982 276
742 789 463
789 913 649
1001 530 738
932 472 888
596 1090 845
348 917 733
596 954 599
954 911 981
497 873 269
291 401 375
509 788 767
743 197 402
912 211 63
203 374 108
203 617 925
954 896 227
361 996 885
349 110 783
1066 945 73
733 661 174
131 401 559
743 348 695
169 361 572
148 247 18
131 954 16
1001 850 152
497 354 300
913 578 245
1085 216 173
742 558 407
733 873 159
994 617 843
203 752 752
761 917 263
996 742 756
216 562 970
530 562 952
152 428 424
1001 854 772
603 571 944
354 1050 959
354 431 977
1085 954 197
854 886 608
245 374 822
917 600 348
381 1050 293
761 912 517
1085 733 522
191 1060 346
497 883 82
982 443 432
472 827 94
788 976 664
883 247 755
401 1060 101
381 351 283
148 199 652
361 137 176
932 788 314
475 578 585
404 1085 575
203 1085 342
996 161 396
241 1050 449
394 761 609
911 761 278
401 161 794
276 814 170
562 674 441
712 842 728
742 431 341
603 982 580
915 1085 947
996 570 957
915 913 865
203 578 708
982 808 362
558 472 38
789 752 57
674 599 206
530 789 404
808 854 128
551 148 224
954 712 313
1001 197 490
381 1060 917
827 982 639
913 247 347
912 361 582
291 761 846
351 996 273
917 743 998
555 603 409
963 742 736
276 1050 430
982 742 125
917 1001 896
578 873 744
599 169 117
348 850 554
1001 431 718
939 603 704
354 742 850
555 428 571
245 913 847
599 200 393
917 152 351
954 939 965
570 963 135
470 873 735
191 886 968
814 401 760
842 814 200
349 394 141
131 555 584
431 603 395
742 788 399
475 137 551
600 775 790
873 596 539
578 996 290
431 906 162
917 307 4
110 789 139
161 518 852
886 200 631
752 247 515
191 775 521
351 307 228
932 110 68
200 768 829
551 911 376
216 742 247
896 169 670
912 939 203
976 431 479
276 761 635
864 1060 26
361 963 39
1038 110 962
945 470 377
276 932 508
216 381 338
381 137 398
472 291 180
833 1090 297
1001 761 440
200 939 960
915 394 849
354 131 677
428 558 839
883 911 675
827 203 259
913 216 138
1038 570 496
982 913 715
873 110 145
374 361 270
906 381 519
276 827 366
661 518 687
169 1050 243
197 148 532
497 1036 309
348 775 564
1038 131 823
808 152 512
211 571 382
152 996 510
932 169 690
912 472 730
361 1001 123
866 913 993
842 896 277
530 976 155
570 562 543
954 245 352
199 351 98
518 674 797
873 913 943
203 131 689
241 982 626
401 789 189
842 381 364
211 911 329
994 191 996
599 661 762
276 570 637
939 600 437
443 191 292
854 768 459
571 1050 673
906 472 91
833 994 195
954 808 592
509 996 536
742 381 484
814 361 266
733 349 225
404 443 764
394 976 79
954 578 284
16
617 1038 28
475 1090 77
404 1090 64
1090 1038 53
596 1085 48
1038 596 67
1085 475 23
475 1038 4
404 617 58
475 596 61
1066 475 68
1066 348 96
348 617 85
596 404 89
1066 617 57
596 915 63
//Dijkstra
Cluster
1085: 1085 1060 1050 1036 1001 996 982 976 963 954 939 932 917 913 912 911 906 896 886 883 873 866 864 854 850 842 827 814 808 789 788 775 768 761 752 743 742 733 712 674 661 603 600 599 578 571 570 562 558 555 551 530 518 509 497 472 443 431 428 401 394 381 374 361 354 351 349 307 291 276 247 245 241 216 211 203 200 199 197 191 169 161 152 148 137 131 110
348: 348
596: 596
404: 404
1066: 1066 945 470
1090: 1090 994 833
1038: 1038
617: 617
475: 475
915: 915