50
36 28 475
47 44 330
18 5 166
16 41 466
29 26 386
30 13 385
33 45 252
28 17 431
44 18 391
18 36 405
44 26 297
24 36 190
53 41 82
29 17 64
35 45 56
24 41 371
29 28 348
41 40 373
36 30 288
36 47 219
27 26 452
6 33 409
17 26 486
28 53 89
17 18 264
26 33 461
15 45 120
53 5 287
41 28 160
38 41 200
15 16 401
30 26 324
43 38 26
29 35 66
36 38 414
41 30 199
27 53 161
27 51 180
44 30 141
38 18 352
30 53 156
24 13 432
15 35 205
6 36 84
43 35 303
40 16 34
51 44 285
13 40 389
5 35 491
33 41 483
9
40 47 23
53 45 16
26 40 19
40 53 5
26 53 38
40 13 3
53 47 40
26 47 48
40 45 8
//Dijkstra
Cluster
47: 47 36 24 6
53: 53 51 44 43 41 38 30 28 27
45: 45 35 33 29 18 17 15 5
40: 40 16
26: 26
13: 13