1000
104 108 73367
77 90 61999
97 57 17783
20 16 575
104 37 60179
37 35 54643
99 31 85736
68 30 67192
69 20 6348
48 57 73034
69 103 33315
106 52 5533
56 77 43960
94 104 27345
69 86 9793
78 56 88250
93 77 69640
30 103 26841
45 104 81181
30 57 7305
64 68 27299
49 99 3551
35 22 82703
94 108 17740
82 35 35799
29 82 86486
48 78 65276
37 45 6691
72 16 19666
23 78 26239
37 16 42651
77 22 31666
68 52 69099
97 35 2811
87 94 36688
10 16 47733
37 87 43386
79 10 51867
86 37 22997
86 10 89246
80 23 17669
52 29 3944
82 15 55242
99 29 68988
101 68 86472
105 15 50592
31 83 19145
20 77 80629
26 12 6142
48 104 7276
26 77 78989
101 93 29131
56 11 32415
20 80 18905
59 97 39940
29 79 33418
105 20 3346
83 22 54322
90 45 66656
55 92 61383
87 79 47506
94 10 83420
20 92 39849
55 101 48391
92 99 79283
56 103 20495
94 48 30124
26 104 13038
34 105 790
12 86 38905
20 37 87169
49 83 16818
103 108 12252
10 52 51316
31 86 63494
16 22 25921
10 105 88454
83 56 17908
92 78 18407
12 10 38392
104 20 21711
59 37 53763
23 106 77473
80 86 44424
72 34 69144
35 31 13181
10 55 86541
15 18 63176
106 105 17096
26 97 22656
79 20 44599
49 20 38770
72 93 28371
29 37 56311
59 90 60016
23 97 75106
90 10 38779
20 90 17034
57 103 16738
72 29 19206
56 108 5914
77 86 16223
83 105 47229
99 45 46660
35 26 54560
45 78 17911
64 87 648
72 35 74199
37 77 85647
78 68 16797
68 55 40702
78 30 27220
69 22 84798
103 77 29611
104 99 55065
69 106 82333
104 103 21857
45 87 51967
99 57 9565
52 23 41627
80 15 41584
99 34 36740
55 11 32917
68 95 2373
45 80 86466
105 80 68280
83 18 62401
91 108 34934
26 22 12853
45 59 64356
55 79 2679
77 91 5160
35 94 10410
57 37 74561
12 37 58937
37 15 41667
10 68 22245
15 78 84006
94 93 86309
77 82 61450
69 59 18441
12 80 89751
48 52 88414
92 108 68971
93 69 2888
79 77 31180
57 64 14377
15 22 52864
83 12 9185
82 90 10442
79 59 38375
83 37 52077
80 78 67809
108 82 16400
87 23 38429
34 49 46979
108 83 85704
90 34 22725
45 101 51426
68 82 65638
103 80 88060
55 22 62807
34 83 16507
64 30 72388
34 22 73643
103 90 17579
95 101 24406
87 106 22780
18 10 60158
108 78 6810
16 52 45377
49 64 30087
103 97 1983
35 87 52997
64 48 2286
16 18 79662
92 72 41084
95 57 83287
83 11 60614
80 72 74971
95 87 8549
82 79 49886
26 11 14230
35 106 21336
20 97 33461
106 49 54726
37 18 27615
94 37 57405
106 11 21785
72 108 23420
92 29 19611
23 34 13957
52 56 15579
37 79 80072
80 16 25972
92 94 45169
93 105 32075
22 93 89548
30 108 42000
55 18 86749
82 87 85921
94 57 79664
104 18 75278
26 95 36659
97 30 69332
59 77 52305
69 101 19551
79 69 13884
52 97 42067
97 68 7572
12 72 60493
59 26 72253
91 11 42216
72 49 68562
82 105 81743
97 78 17117
83 64 48567
79 78 79368
22 106 51086
93 95 51908
108 105 47571
35 79 53722
82 23 48172
12 35 20823
92 37 73675
12 11 35041
59 101 75202
31 10 38566
20 12 8651
95 94 54330
99 22 34825
59 95 88775
64 45 44273
68 99 10764
105 72 71892
26 57 47664
104 105 28560
29 104 2178
64 78 63331
26 108 24012
95 16 71553
78 93 52816
95 79 16219
49 26 44240
78 106 79818
86 23 45407
31 30 86718
49 108 60757
23 31 23724
106 93 59488
30 106 71074
68 106 24986
30 94 27871
108 35 35623
91 78 71088
64 18 41735
90 86 1775
72 11 22785
15 59 56212
99 97 26960
34 94 23456
48 101 51794
55 49 34801
20 31 922
22 90 11476
97 101 42464
31 94 50939
55 35 75662
77 69 81795
93 18 3133
35 86 31464
35 49 73670
95 34 50765
103 45 44276
35 101 37366
77 106 57044
48 22 88785
97 90 38755
12 16 20094
86 59 83034
29 45 63933
97 87 32147
15 72 25591
45 86 19794
57 35 77767
108 90 2316
35 20 23561
55 106 10376
49 30 65114
34 79 52330
18 12 10494
104 52 2734
34 97 64279
86 26 38279
12 52 45496
31 12 44120
11 92 31764
18 26 21434
103 16 69068
86 68 36905
18 90 77052
45 91 496
69 105 48280
48 29 52506
57 69 23754
18 95 66291
23 20 46258
83 99 35240
91 106 54902
16 106 6299
26 56 2901
72 22 1497
94 105 62102
16 34 52028
97 86 58742
10 35 24768
55 104 58616
104 78 11134
29 80 40269
69 72 61458
55 87 55901
11 87 12870
64 106 3582
20 34 44973
52 95 89732
106 48 61913
64 69 22800
55 52 40743
105 92 62092
49 69 44448
79 105 10276
35 23 64046
93 80 34853
23 59 44000
87 83 45568
82 92 66944
68 20 373
91 94 16257
68 22 54181
57 106 74608
35 104 76249
55 16 7993
59 18 55054
92 93 33626
56 49 33311
35 18 66250
68 104 11995
83 20 44340
93 45 43318
77 108 85136
64 11 87170
97 104 53098
87 22 68202
95 99 18215
72 52 67853
104 69 61472
92 77 66287
79 72 68511
68 16 11340
99 93 71990
68 87 38769
86 91 80886
55 105 42007
90 105 85918
83 45 44166
95 77 18970
86 30 38741
97 77 71794
78 105 44993
86 83 41009
57 82 41852
104 12 26611
106 18 65046
105 77 48572
52 22 37696
34 35 69844
86 93 37590
68 15 69906
104 22 88416
23 49 71120
87 57 44991
82 97 72736
79 57 58164
105 26 10263
59 108 3020
103 101 58668
20 29 74165
16 79 5701
64 91 60501
31 15 4775
12 106 50554
79 12 82779
103 22 11861
64 22 33196
22 108 40993
30 16 28005
48 35 25225
12 95 28542
52 64 51861
104 16 46655
82 101 17932
56 94 45857
78 26 7746
29 90 54950
79 31 58744
30 87 79127
37 48 24511
69 90 37585
30 105 38091
35 80 64746
101 52 11191
29 56 42568
93 57 55932
95 22 50030
86 15 85252
108 12 1182
82 12 70968
10 93 17543
104 59 10684
59 11 89187
23 64 53705
99 20 26678
69 35 16461
26 92 52914
83 10 23051
57 23 57043
37 22 67203
22 23 80890
20 48 88761
10 49 36666
94 22 85037
15 11 23077
106 72 69149
103 55 33088
92 97 46674
55 31 32980
69 97 3671
56 31 4103
77 45 51921
97 95 69996
68 91 76102
31 87 9907
30 12 62930
64 16 54035
37 68 29459
15 95 76936
55 90 40259
22 101 44566
68 34 67004
72 45 88680
87 99 20184
20 30 75040
37 10 77343
29 35 62693
92 79 75667
78 57 86415
20 101 46184
10 15 3508
82 64 47991
78 55 64410
20 52 78477
20 10 30910
72 104 10738
104 106 83783
11 82 33081
91 23 85029
20 11 14652
99 78 87270
83 69 45070
16 83 2655
77 12 20255
59 103 12213
90 68 22360
18 20 76865
10 69 40193
87 20 43636
30 80 49753
10 22 18560
79 91 80712
94 59 42844
23 105 63610
48 31 44899
52 11 14305
26 55 59244
91 18 62679
93 64 24310
82 34 40896
26 37 8771
108 68 73609
49 79 52673
93 49 6176
101 83 50663
26 23 57680
22 91 6388
64 95 60039
52 92 86269
48 103 84296
64 20 70661
22 79 36713
12 92 54574
105 95 20965
90 87 28802
26 82 8541
59 105 81411
48 69 13259
104 56 57883
91 92 48694
99 94 7617
94 69 45811
57 104 3417
101 11 38228
77 35 36500
91 103 86333
55 37 56631
90 78 50193
69 15 20881
108 80 86767
108 52 52020
49 78 89778
45 69 54731
97 93 34096
29 31 59436
35 68 5653
11 99 7191
106 26 87062
49 57 2513
95 30 13213
12 68 26282
87 104 74986
101 37 62275
91 57 17555
34 45 69753
87 34 4924
10 104 68813
72 18 18117
15 83 65987
52 49 50599
64 94 16463
103 52 77512
29 22 75808
97 11 4346
18 22 23885
55 12 80725
64 29 54312
37 105 85530
10 56 30014
16 26 46784
16 86 11636
18 79 36054
10 30 52976
93 83 14596
15 49 2881
45 105 30892
22 105 77133
108 20 87843
69 18 87469
105 86 9304
52 77 11661
56 20 14035
99 72 68599
68 23 75709
78 37 60250
23 11 29249
57 59 9989
23 104 71296
103 68 50602
30 99 59081
104 95 22266
59 16 45451
77 64 25792
45 106 61870
80 55 88333
31 90 43285
49 48 12694
37 106 44531
16 57 64854
87 26 73922
97 49 63175
45 23 79074
94 90 81228
95 31 13803
34 31 10165
97 37 12416
49 105 62909
64 15 70263
93 48 35678
22 12 8887
91 35 33024
64 86 14670
45 26 61924
106 59 44923
92 10 15629
92 23 56731
15 57 30780
34 56 68803
80 18 68547
108 34 85910
86 87 47917
10 72 44189
34 12 185
87 103 78078
49 68 46687
92 18 17327
105 97 27278
57 34 55921
11 37 4692
31 22 32115
59 34 6545
83 106 61800
83 82 66271
82 80 15385
91 82 69223
87 92 19419
97 18 64764
103 64 67545
103 18 75058
91 29 49644
52 80 46601
64 97 48417
15 97 37401
83 103 10744
22 49 76689
57 55 38208
59 29 12657
57 68 68495
55 23 9492
91 99 15925
83 80 49344
37 72 18479
92 16 52359
91 26 58496
78 72 86087
97 108 24835
69 12 67227
23 101 42882
31 69 61724
86 20 49249
45 18 63321
93 37 68595
106 10 33744
16 49 3986
30 91 48500
69 11 27384
35 95 6351
95 29 26579
35 90 60953
69 34 28987
101 77 6521
15 106 88843
78 29 34605
78 20 56146
59 92 8045
79 94 47698
92 49 78194
56 92 1679
69 108 35981
77 18 84844
94 29 18658
77 23 40766
91 34 47422
35 92 17202
29 105 21379
106 29 49878
69 52 80365
92 95 78762
15 93 25507
79 11 72941
94 49 46870
31 72 19838
11 48 86894
10 29 24413
92 68 62024
64 72 27261
108 55 3299
77 29 6400
101 104 51608
18 52 5022
80 59 38859
37 49 76168
31 68 43180
72 59 65441
18 56 65658
103 35 68750
79 23 32609
77 16 70898
15 91 28313
11 22 87753
82 93 22407
48 92 19134
11 86 81655
99 103 31327
83 97 46447
106 94 20393
103 93 14950
90 99 36832
69 16 52969
78 35 73663
104 80 80726
16 31 36161
80 92 34116
80 34 34945
101 49 37249
101 87 3283
55 45 16610
18 108 42234
11 34 52255
23 48 26053
78 77 22730
90 37 20411
48 34 1058
59 83 33787
45 22 89762
83 57 20060
59 10 73387
101 16 9922
16 108 50255
92 103 22205
55 30 23200
49 45 38291
93 87 40995
97 22 74925
87 72 55326
99 80 44874
11 95 66552
52 94 63209
11 103 13791
35 52 28970
82 18 39622
45 12 8618
10 57 33956
108 11 2062
10 26 15758
23 93 26083
94 68 35066
20 106 87380
31 101 17946
101 78 53661
37 34 33993
56 48 23040
97 16 78670
59 93 51521
95 48 11649
10 99 82756
94 72 85265
99 108 82882
55 29 24251
35 56 11128
29 86 20148
83 23 61711
12 23 55876
78 10 20833
99 79 17542
12 15 36174
48 18 33666
45 92 45362
11 93 62236
90 72 6546
30 82 58664
95 78 44633
95 91 15763
15 94 18378
56 90 59073
56 93 64632
16 82 76661
87 10 68360
48 77 71603
29 16 53920
49 103 22398
79 86 42162
48 30 13827
10 101 82555
48 87 23802
56 15 44932
78 16 87854
29 97 37095
12 64 66774
59 12 73969
90 11 40010
78 12 79948
104 49 72986
77 83 45972
52 83 50736
101 72 18227
30 18 75686
91 12 3504
15 35 56398
68 45 47732
30 104 19796
26 29 12934
26 101 21934
23 37 59054
34 52 80572
45 82 7488
97 31 21592
82 99 54137
11 105 88964
59 91 44771
52 105 65357
68 77 56659
37 69 8513
31 105 79138
99 12 8176
104 91 33939
15 104 36528
95 82 69289
93 91 52456
15 20 39448
64 34 73409
31 18 56370
95 10 45408
37 64 30351
87 15 48621
93 12 61209
52 93 85070
78 34 34215
18 94 25420
95 45 25123
103 82 10905
83 72 51004
90 57 73437
55 95 41911
80 11 24449
37 82 3054
68 18 41650
59 49 45971
82 78 5642
23 94 32716
37 91 88378
90 93 87326
52 78 84370
99 18 53319
29 101 70552
80 79 5513
69 68 10291
77 34 43529
52 99 6186
77 30 1720
86 104 35010
34 55 74551
34 104 13131
93 35 9466
57 108 64803
56 45 1369
48 97 23340
72 86 86088
31 106 60900
87 52 12932
83 48 85846
108 87 30394
86 94 83986
12 103 44629
91 31 70602
52 82 55591
26 64 68043
86 78 22414
26 83 25583
48 86 6092
55 86 77884
26 99 80076
48 26 41171
26 20 68068
99 55 60381
26 79 83932
34 101 9790
94 20 85146
11 18 23080
95 37 85401
105 91 55900
22 57 34892
72 57 10341
18 101 87792
52 90 83028
72 103 78675
23 29 23398
83 78 79921
48 90 57798
18 87 70137
55 82 25965
31 82 67811
30 90 20296
69 99 2759
95 106 23649
30 29 46797
91 97 70702
91 101 3398
103 10 27672
37 108 66622
68 105 80104
95 103 83017
55 93 50928
78 103 26195
52 37 69
20 22 72101
64 55 57496
22 56 26250
22 80 2829
49 18 41304
56 101 62787
72 26 14340
31 104 56407
86 101 10184
64 108 61600
99 106 42607
18 23 64070
99 64 27179
108 101 42790
10 108 78819
26 69 20793
92 64 28813
69 82 9917
30 35 38495
45 35 31393
57 11 55643
35 59 82745
57 101 80062
15 34 61541
91 52 74693
91 49 45246
93 31 37812
104 90 77634
22 92 7020
20 59 75726
34 103 19314
64 90 64567
30 34 2993
80 31 28100
91 90 30019
104 93 56988
35 16 35142
55 20 72524
92 86 7626
103 29 18981
87 12 4377
87 105 33924
92 31 19423
31 26 5064
56 97 16015
80 49 79061
64 56 43231
86 57 67968
94 11 60728
92 90 13428
56 16 35374
29 69 11123
10 23 18729
83 104 57583
80 48 64829
31 45 50573
69 23 71073
82 56 26351
15 103 31094
45 52 42916
77 87 60252
93 30 5119
18 57 85537
52 30 81718
16 105 24867
18 86 67468
64 104 76916
59 48 32117
15 90 64339
29 87 52067
16 94 81506
99 48 75765
45 57 20999
78 69 57636
79 106 55202
29 108 86731
23 99 76638
72 20 84113
106 34 69246
104 92 18806
29 49 81622
77 15 39442
93 16 71467
16 23 66072
82 10 11749
97 12 10352
29 12 15373
10 97 38829
83 91 44098
95 23 62010
56 95 4528
99 37 66161
80 26 5954
108 86 29328
86 52 2692
16 48 1693
12 57 19947
49 82 57732
20 57 6790
80 101 45500
55 83 50172
49 86 10556
55 69 15877
108 95 27254
48 15 72543
16 45 77756
86 34 14585
108 45 17213
12
99 23 15
23 108 9
23 57 14
10 99 8
108 10 32
99 57 35
103 94 25
80 10 11
78 94 48
94 10 43
10 103 13
99 106 22
//Dijkstra
Cluster
108: 108 105 104 101 95 92 91 90 87 86 83 82 79 77 68 64 59 56 55 52 48 45 37 34 31 30 29 26 20 16 12 11
103: 103 97 35
57: 57 49 15
99: 99 93 69 18
106: 106
94: 94
78: 78
80: 80 72 22
23: 23
10: 10
