80
98 95 185
95 25 571
95 81 71
16 39 763
39 96 151
84 33 479
33 90 96
63 81 782
73 53 829
68 31 879
77 17 9
62 26 764
19 55 761
68 58 95
56 81 531
26 77 205
97 55 753
96 42 643
55 25 630
95 86 662
54 30 3
63 105 136
58 48 386
12 30 998
88 18 993
28 30 357
58 56 324
100 63 107
105 64 415
101 88 914
16 105 806
73 97 711
53 19 691
56 26 143
51 42 809
28 18 649
50 58 635
61 96 886
105 53 837
56 103 353
97 50 282
103 33 591
95 16 113
96 23 614
28 84 534
54 55 2
70 48 366
51 90 15
55 77 44
28 48 418
77 100 133
31 73 252
18 26 553
83 56 580
77 12 507
62 102 601
81 50 35
33 26 10
30 65 295
17 26 744
81 17 24
86 23 760
103 68 48
13 31 423
102 13 785
98 25 588
62 23 173
47 37 466
16 42 958
25 19 422
13 16 665
18 66 87
66 84 602
83 54 32
86 50 786
68 33 746
50 101 323
47 81 663
61 55 58
65 39 716
12
86 73 22
73 53 45
88 102 76
47 73 73
105 88 26
105 47 84
102 53 43
105 102 24
86 105 57
86 47 72
73 88 77
86 88 14
4
86.86 102.23
47.37 53.53
105.70 73.31
86.86 88.88

Cluster
105: 105 103 101 100 98 97 95 90 84 83 81 77 70 68 66 65 64 63 61 58 56 55 54 51 50 48 33 30 28 26 25 19 18 17 16 12
102: 102 96 62 42 39 23
73: 73 31 13
53: 53
86: 86
88: 88
47: 47 37